1472
1 4 5 36 425 427
2 7 3 5 22 37 38 426 428
3 4 2 38 41 426
4 4 5 22 36 94
5 8 1 2 4 22 36 425 427 428
6 9 7 84 86 87 126 157 158 182 185
7 5 6 81 87 155 157
8 6 27 80 155 443 1364 1367
9 4 28 443 1313 1363
10 7 36 115 182 406 421 517 518
11 7 12 13 14 392 414 448 449
12 5 11 13 14 263 414
13 6 11 12 14 50 312 392
14 8 11 12 13 49 50 121 263 312
15 7 24 25 52 53 65 190 340
16 6 51 103 104 268 339 341
17 5 18 61 109 332 334
18 7 17 134 138 281 331 332 334
19 5 197 224 240 279 441
20 4 21 95 106 401
21 4 20 106 137 401
22 6 2 4 5 36 94 426
23 5 77 95 154 431 444
24 7 15 25 53 54 60 101 160
25 5 15 24 54 60 65
26 9 32 58 60 65 88 105 382 418 419
27 6 8 28 29 80 131 443
28 7 9 27 29 443 699 888 1313
29 7 27 28 80 131 699 701 888
30 6 31 75 78 96 97 424
31 6 30 78 96 152 154 431
32 6 26 55 57 58 60 88
33 4 34 56 122 432
34 10 33 35 56 121 122 183 262 263 406 407
35 6 34 36 261 262 406 407
36 12 1 4 5 10 22 35 83 94 261 406 421 427
37 3 2 38 428
38 5 2 3 37 408 428
39 6 79 429 430 444 771 1464
40 1 41
41 2 3 40
42 5 89 90 93 94 426
43 6 44 45 415 416 420 440
44 4 43 45 420 453
45 8 43 44 46 49 98 439 440 453
46 5 45 49 122 432 453
47 3 265 309 369
48 8 100 300 309 310 316 343 344 369
49 8 14 45 46 50 98 121 122 439
50 6 13 14 49 98 312 314
51 5 16 329 339 340 341
52 5 15 53 190 340 442
53 6 15 24 52 160 403 442
54 6 24 25 60 88 101 153
55 7 32 57 58 59 74 88 422
56 8 33 34 57 58 74 183 422 432
57 6 32 55 56 58 74 422
58 7 26 32 55 56 57 419 432
59 5 55 74 88 96 184
60 8 24 25 26 32 54 65 88 105
61 5 17 62 63 109 332
62 6 61 63 109 225 267 334
63 2 61 62
64 4 353 371 372 403
65 9 15 25 26 60 105 190 316 344 382
66 5 73 151 169 170 227
67 5 113 141 142 148 172
68 6 113 145 146 172 177 193
69 4 110 174 177 178
70 6 73 112 150 172 193 1007
71 5 72 151 177 196 227
72 3 71 151 192
73 9 66 70 169 192 193 196 227 554 1007
74 7 55 56 57 59 183 184 422
75 7 30 86 87 97 125 423 424
76 6 77 79 85 124 430 444
77 5 23 76 85 431 444
78 5 30 31 118 424 431
79 4 39 76 430 444
80 7 8 27 29 81 131 155 384
81 6 7 80 82 155 157 384
82 7 81 131 157 180 384 544 702
83 7 36 93 94 114 421 528 585
84 5 6 86 87 125 423
85 7 76 77 116 117 123 124 431
86 8 6 75 84 96 97 182 185 423
87 7 6 7 75 84 125 155 424
88 8 26 32 54 55 59 60 96 153
89 4 42 90 92 93
90 4 42 89 91 92
91 2 90 92
92 4 89 90 91 93
93 5 42 83 89 92 94
94 7 4 22 36 42 83 93 426
95 7 20 23 106 154 160 401 444
96 10 30 31 59 86 88 97 152 153 184 185
97 5 30 75 86 96 423
98 12 45 49 50 312 313 314 323 324 328 342 438 439
99 3 181 311 349
100 7 48 103 190 316 317 369 375
101 4 24 54 153 160
102 1 107
103 6 16 100 268 317 341 375
104 7 16 136 159 223 268 339 354
105 3 26 60 65
106 5 20 21 95 137 404
107 2 102 355
108 5 135 234 235 236 335
109 4 17 61 62 334
110 3 69 111 178
111 3 110 173 178
112 3 70 150 172
113 6 67 68 146 147 148 172
114 6 83 115 421 528 573 585
115 8 10 114 421 515 516 518 573 584
116 8 85 117 118 119 120 431 1319 1320
117 5 85 116 120 123 429
118 6 78 116 119 155 424 431
119 4 116 118 155 1319
120 6 116 117 429 788 820 1320
121 5 14 34 49 122 263
122 6 33 34 46 49 121 432
123 5 85 117 124 429 430
124 4 76 85 123 430
125 4 75 84 87 423
126 5 6 158 179 182 517
127 4 166 187 189 287
128 4 133 140 161 355
129 7 133 139 140 163 164 186 283
130 5 165 167 168 266 284
131 7 27 29 80 82 384 701 702
132 6 138 165 189 285 286 287
133 5 128 129 140 186 283
134 5 18 138 163 164 281
135 6 108 198 235 236 270 336
136 9 104 280 330 339 340 353 354 403 442
137 6 21 106 352 370 401 404
138 8 18 132 134 139 163 285 286 334
139 5 129 138 163 283 286
140 7 128 129 133 161 164 331 355
141 6 67 142 143 144 148 149
142 7 67 141 143 150 172 175 177
143 5 141 142 144 145 177
144 6 141 143 145 146 147 149
145 5 68 143 144 146 177
146 5 68 113 144 145 147
147 5 113 144 146 148 149
148 5 67 113 141 147 149
149 4 141 144 147 148
150 10 70 112 142 171 172 175 176 194 865 1007
151 6 66 71 72 170 192 227
152 4 31 96 153 154
153 7 54 88 96 101 152 154 160
154 7 23 31 95 152 153 160 431
155 10 7 8 80 81 87 118 119 424 1319 1367
156 6 158 179 180 519 1038 1058
157 6 6 7 81 82 158 180
158 6 6 126 156 157 179 180
159 3 104 223 337
160 9 24 53 95 101 153 154 352 401 403
161 4 128 140 331 355
162 4 186 282 286 287
163 5 129 134 138 139 164
164 6 129 134 140 163 281 331
165 9 130 132 188 189 238 266 284 285 376
166 4 127 187 189 284
167 4 130 168 239 241
168 7 130 167 188 239 266 377 378
169 4 66 73 170 192
170 4 66 151 169 192
171 4 150 173 194 865
172 8 67 68 70 112 113 142 150 193
173 4 111 171 178 194
174 5 69 175 176 177 178
175 5 142 150 174 176 177
176 5 150 174 175 178 194
177 10 68 69 71 142 143 145 174 175 193 196
178 7 69 110 111 173 174 176 194
179 5 126 156 158 517 519
180 8 82 156 157 158 541 544 1038 1058
181 5 99 311 321 392 395
182 8 6 10 86 126 183 185 406 517
183 7 34 56 74 182 184 185 406
184 5 59 74 96 183 185
185 6 6 86 96 182 183 184
186 5 129 133 162 283 286
187 4 127 166 282 287
188 9 165 168 238 266 301 308 315 376 378
189 6 127 132 165 166 284 287
190 9 15 52 65 100 316 317 329 338 340
191 4 223 325 330 354
192 5 72 73 151 169 170
193 6 68 70 73 172 177 196
194 5 150 171 173 176 178
195 2 196 227
196 6 71 73 177 193 195 227
197 11 19 225 226 237 240 267 279 333 373 402 441
198 9 135 234 235 267 270 315 333 335 376
199 8 200 204 205 206 210 217 275 292
200 4 199 204 275 276
201 4 205 206 214 254
202 7 203 220 221 245 255 272 273
203 4 202 245 255 291
204 4 199 200 210 276
205 6 199 201 206 214 217 292
206 7 199 201 205 207 254 292 294
207 3 206 292 294
208 3 219 243 299
209 4 212 248 250 255
210 3 199 204 276
211 4 272 273 274 276
212 8 209 248 255 277 288 289 290 291
213 7 246 247 253 254 293 295 296
214 3 201 205 249
215 2 216 242
216 2 215 219
217 2 199 205
218 5 220 221 222 273 292
219 2 208 216
220 5 202 218 221 222 255
221 5 202 218 220 273 292
222 4 218 220 255 256
223 7 104 159 191 278 325 337 354
224 4 19 279 336 441
225 7 62 197 226 240 267 279 374
226 3 197 225 240
227 6 66 71 73 151 195 196
228 6 229 544 567 775 1089 1411
229 8 228 230 233 257 958 1044 1089 1411
230 6 229 231 233 257 958 1089
231 4 230 232 233 958
232 7 231 233 251 258 259 260 958
233 6 229 230 231 232 257 258
234 4 108 198 235 335
235 4 108 135 198 234
236 6 108 135 335 336 402 441
237 4 197 269 333 373
238 3 165 188 266
239 5 167 168 241 307 377
240 6 19 197 225 226 279 374
241 3 167 239 307
242 1 215
243 3 208 298 299
244 2 245 291
245 5 202 203 244 272 291
246 3 213 247 297
247 7 213 246 295 296 297 298 299
248 2 209 212
249 3 214 253 254
250 3 209 255 256
251 7 232 252 257 258 259 467 943
252 5 251 259 466 468 943
253 3 213 249 254
254 7 201 206 213 249 253 293 294
255 9 202 203 209 212 220 222 250 256 291
256 6 222 250 255 271 305 322
257 7 229 230 233 251 258 467 1044
258 4 232 233 251 257
259 6 232 251 252 260 466 478
260 6 232 259 463 469 478 958
261 6 35 36 262 405 425 427
262 5 34 35 261 263 405
263 7 12 14 34 121 262 405 414
264 2 318 374
265 7 47 300 309 310 369 400 410
266 5 130 165 168 188 238
267 7 62 197 198 225 333 334 376
268 6 16 103 104 308 315 375
269 5 237 333 335 373 402
270 4 135 198 315 336
271 3 256 305 346
272 4 202 211 245 273
273 8 202 211 218 221 272 274 275 292
274 4 211 273 275 276
275 6 199 200 273 274 276 292
276 6 200 204 210 211 274 275
277 3 212 288 290
278 2 223 337
279 7 19 197 224 225 240 318 374
280 4 136 330 353 370
281 4 18 134 164 331
282 3 162 187 287
283 5 129 133 139 186 286
284 4 130 165 166 189
285 6 132 138 165 286 334 376
286 8 132 138 139 162 186 283 285 287
287 7 127 132 162 187 189 282 286
288 3 212 277 289
289 3 212 288 291
290 2 212 277
291 6 203 212 244 245 255 289
292 8 199 205 206 207 218 221 273 275
293 4 213 254 294 296
294 4 206 207 254 293
295 4 213 247 296 299
296 4 213 247 293 295
297 3 246 247 298
298 3 243 247 297
299 4 208 243 247 295
300 4 48 265 309 310
301 5 188 302 303 308 378
302 6 301 303 306 368 369 378
303 6 301 302 308 368 369 375
304 4 322 327 359 360
305 6 256 271 322 346 347 360
306 8 302 348 356 369 378 380 381 400
307 2 239 241
308 6 188 268 301 303 315 375
309 5 47 48 265 300 369
310 6 48 265 300 343 410 412
311 6 99 181 349 366 367 392
312 8 13 14 50 98 314 367 392 399
313 6 98 314 328 397 398 399
314 5 50 98 312 313 399
315 6 188 198 268 270 308 376
316 6 48 65 100 190 317 344
317 7 100 103 190 316 329 338 341
318 3 264 279 374
319 6 320 356 358 363 364 381
320 5 319 358 364 379 387
321 2 181 326
322 5 256 304 305 327 360
323 3 98 324 328
324 4 98 323 328 342
325 2 191 223
326 2 321 391
327 3 304 322 359
328 7 98 313 323 324 342 397 410
329 6 51 190 317 338 340 341
330 4 136 191 280 354
331 6 18 140 161 164 281 332
332 4 17 18 61 331
333 6 197 198 237 267 269 335
334 8 17 18 62 109 138 267 285 376
335 7 108 198 234 236 269 333 402
336 5 135 224 236 270 441
337 3 159 223 278
338 3 190 317 329
339 5 16 51 104 136 340
340 8 15 51 52 136 190 329 339 442
341 5 16 51 103 317 329
342 6 98 324 328 410 411 438
343 7 48 310 344 411 412 433 436
344 7 48 65 316 343 382 383 433
345 3 346 347 348
346 4 271 305 345 347
347 6 305 345 346 348 360 380
348 6 306 345 347 378 380 390
349 6 99 311 350 366 388 389
350 3 349 385 389
351 8 364 365 366 379 387 388 396 398
352 6 137 160 370 371 401 403
353 6 64 136 280 370 372 403
354 5 104 136 191 223 330
355 4 107 128 140 161
356 5 306 319 364 381 400
357 4 358 361 362 363
358 4 319 320 357 363
359 5 304 327 360 361 387
360 8 304 305 322 347 359 361 362 380
361 5 357 359 360 362 363
362 6 357 360 361 363 380 381
363 7 319 357 358 361 362 380 381
364 7 319 320 351 356 365 379 400
365 4 351 364 396 400
366 7 311 349 351 367 388 398 399
367 5 311 312 366 392 399
368 3 302 303 369
369 11 47 48 100 265 302 303 306 309 368 375 400
370 7 137 280 352 353 371 372 404
371 5 64 352 370 372 403
372 4 64 353 370 371
373 4 197 237 269 402
374 5 225 240 264 279 318
375 6 100 103 268 303 308 369
376 7 165 188 198 267 285 315 334
377 4 168 239 378 390
378 8 168 188 301 302 306 348 377 390
379 4 320 351 364 387
380 7 306 347 348 360 362 363 381
381 6 306 319 356 362 363 380
382 5 26 65 344 383 418
383 7 344 382 417 418 433 434 435
384 4 80 81 82 131
385 5 350 386 387 388 389
386 3 385 387 388
387 8 320 351 359 379 385 386 388 413
388 7 349 351 366 385 386 387 389
389 4 349 350 385 388
390 3 348 377 378
391 1 326
392 10 11 13 181 311 312 367 393 395 447 449
393 5 392 394 395 447 449
394 3 393 395 447
395 4 181 392 393 394
396 5 351 365 397 398 400
397 6 313 328 396 398 400 410
398 6 313 351 366 396 397 399
399 6 312 313 314 366 367 398
400 9 265 306 356 364 365 369 396 397 410
401 6 20 21 95 137 160 352
402 6 197 236 269 335 373 441
403 8 53 64 136 160 352 353 371 442
404 3 106 137 370
405 8 261 262 263 408 409 414 425 447
406 7 10 34 35 36 182 183 407
407 3 34 35 406
408 6 38 405 409 414 428 447
409 4 405 408 425 428
410 8 265 310 328 342 397 400 411 412
411 6 342 343 410 412 436 438
412 4 310 343 410 411
413 1 387
414 7 11 12 263 405 408 447 448
415 5 43 416 435 437 440
416 5 43 415 417 420 435
417 6 383 416 418 420 434 435
418 6 26 382 383 417 419 420
419 5 26 58 418 420 432
420 8 43 44 416 417 418 419 432 453
421 5 10 36 83 114 115
422 4 55 56 57 74
423 5 75 84 86 97 125
424 6 30 75 78 87 118 155
425 7 1 5 261 405 409 427 428
426 5 2 3 22 42 94
427 5 1 5 36 261 425
428 7 2 5 37 38 408 409 425
429 8 39 117 120 123 430 676 771 820
430 6 39 76 79 123 124 429
431 8 23 31 77 78 85 116 118 154
432 8 33 46 56 58 122 419 420 453
433 6 343 344 383 434 436 437
434 5 383 417 433 435 437
435 6 383 415 416 417 434 437
436 5 343 411 433 437 438
437 7 415 433 434 435 436 438 440
438 7 98 342 411 436 437 439 440
439 5 45 49 98 438 440
440 6 43 45 415 437 438 439
441 6 19 197 224 236 336 402
442 5 52 53 136 340 403
443 6 8 9 27 28 1363 1364
444 6 23 39 76 77 79 95
445 1 446
446 2 445 447
447 9 392 393 394 405 408 414 446 448 449
448 4 11 414 447 449
449 5 11 392 393 447 448
450 5 452 495 498 905 1166
451 4 486 945 1035 1269
452 6 450 496 497 498 905 906
453 5 44 45 46 420 432
454 5 455 490 580 581 974
455 9 454 456 490 946 947 973 974 1149 1150
456 8 455 457 458 490 1149 1150 1253 1254
457 4 456 458 490 512
458 6 456 457 487 512 1253 1254
459 9 460 940 941 958 963 964 1064 1105 1205
460 3 459 940 1105
461 6 462 464 930 956 957 1103
462 6 461 464 930 939 957 1068
463 5 260 465 469 958 1205
464 5 461 462 465 930 956
465 6 463 464 469 930 956 1205
466 5 252 259 468 478 942
467 7 251 257 932 943 1042 1044 1069
468 5 252 466 942 943 1042
469 5 260 463 465 478 956
470 5 946 947 1150 1222 1240
471 7 472 473 487 887 894 1270 1272
472 6 471 473 474 495 1167 1272
473 8 471 472 474 894 904 922 976 1270
474 6 472 473 495 904 905 1079
475 2 476 486
476 3 475 477 486
477 5 476 484 485 486 996
478 7 259 260 466 469 942 956 1106
479 10 480 926 984 985 1086 1111 1209 1210 1231 1236
480 5 479 481 566 926 1111
481 6 480 566 926 1059 1089 1208
482 8 542 543 567 568 569 570 926 1208
483 6 500 1044 1045 1070 1071 1412
484 2 477 485
485 7 477 484 486 1012 1013 1182 1269
486 7 451 475 476 477 485 945 1269
487 9 458 471 512 887 1167 1253 1254 1268 1272
488 5 1125 1150 1243 1257 1258
489 5 547 548 549 550 553
490 10 454 455 456 457 491 512 580 709 740 1097
491 6 490 564 580 1097 1121 1122
492 3 504 563 1122
493 3 494 535 562
494 4 493 535 560 562
495 9 450 472 474 905 1057 1084 1085 1166 1167
496 6 452 497 906 924 1008 1052
497 8 452 496 498 507 1010 1052 1053 1183
498 3 450 452 497
499 6 507 1010 1183 1271 1308 1309
500 5 483 956 1071 1412 1461
501 3 1185 1187 1188
502 4 897 910 1188 1203
503 6 504 505 911 933 934 1189
504 9 492 503 505 837 838 880 911 1121 1122
505 5 503 504 506 838 911
506 7 505 838 911 912 935 1190 1304
507 7 497 499 1053 1072 1073 1183 1271
508 5 509 510 944 1239 1242
509 3 508 510 1255
510 4 508 509 1096 1242
511 5 1011 1036 1168 1238 1252
512 8 457 458 487 490 709 740 852 887
513 9 514 912 929 935 1016 1017 1190 1453 1455
514 3 513 1016 1017
515 7 115 516 584 1086 1087 1206 1207
516 7 115 515 517 518 519 1037 1087
517 7 10 126 179 182 516 518 519
518 4 10 115 516 517
519 7 156 179 516 517 1037 1058 1088
520 4 523 550 553 554
521 2 522 552
522 7 521 527 552 692 705 721 1276
523 6 520 524 553 554 578 1007
524 8 523 525 527 553 578 902 1146 1161
525 6 524 526 527 552 553 555
526 4 525 549 553 555
527 11 522 524 525 534 552 873 1148 1161 1200 1201 1276
528 7 83 114 529 530 531 585 1060
529 5 528 530 1060 1061 1062
530 9 528 529 531 532 984 985 986 987 1062
531 4 528 530 532 585
532 7 530 531 571 573 585 959 984
533 6 577 1146 1249 1250 1251 1264
534 8 527 634 696 873 1080 1081 1201 1228
535 6 493 494 536 537 559 560
536 4 535 537 538 903
537 7 535 536 538 540 557 558 559
538 4 536 537 539 540
539 5 538 540 1096 1237 1256
540 6 537 538 539 556 557 1256
541 5 180 542 543 544 1038
542 6 482 541 543 569 1038 1088
543 5 482 541 542 544 567
544 8 82 180 228 541 543 567 702 775
545 6 546 565 566 958 960 961
546 4 545 565 566 960
547 3 489 548 549
548 3 489 547 549
549 7 489 526 547 548 550 553 555
550 6 489 520 549 553 554 555
551 2 552 555
552 7 521 522 525 527 551 555 721
553 8 489 520 523 524 525 526 549 550
554 6 73 520 523 550 555 1007
555 7 525 526 549 550 551 552 554
556 4 540 557 583 1256
557 6 537 540 556 558 582 583
558 5 537 557 559 579 582
559 5 535 537 558 560 579
560 6 494 535 559 561 562 579
561 4 560 562 563 579
562 5 493 494 560 561 563
563 7 492 561 562 564 579 580 581
564 4 491 563 580 1122
565 6 545 546 566 960 1111 1236
566 8 480 481 545 546 565 958 1059 1111
567 6 228 482 543 544 1089 1208
568 5 482 569 570 928 1206
569 5 482 542 568 928 1088
570 6 482 568 926 927 1206 1207
571 6 532 572 573 584 959 984
572 5 571 584 959 984 1086
573 7 114 115 532 571 584 585 959
574 4 575 576 578 1007
575 7 574 576 578 1005 1248 1249 1262
576 5 574 575 865 1007 1248
577 4 533 1249 1250 1251
578 8 523 524 574 575 902 1007 1262 1264
579 7 558 559 560 561 563 581 582
580 6 454 490 491 563 564 581
581 7 454 563 579 580 582 583 974
582 5 557 558 579 581 583
583 7 556 557 581 582 974 1239 1256
584 6 115 515 571 572 573 1086
585 6 83 114 528 531 532 573
586 6 587 807 883 884 885 1452
587 5 586 588 883 885 1335
588 4 587 741 885 1335
589 6 590 592 660 745 764 1457
590 4 589 591 592 1457
591 6 590 592 593 652 653 1457
592 9 589 590 591 593 594 745 764 853 854
593 8 591 592 594 644 652 665 669 854
594 4 592 593 853 854
595 6 596 607 794 888 1279 1313
596 4 595 605 794 1279
597 7 598 599 679 1281 1307 1308 1435
598 5 597 599 600 1307 1308
599 5 597 598 600 679 1293
600 6 598 599 613 750 1293 1307
601 8 694 713 789 1273 1274 1277 1310 1467
602 2 688 689
603 5 697 698 734 891 1463
604 5 709 739 740 851 1097
605 5 596 606 794 858 1279
606 4 605 607 858 1279
607 6 595 606 608 858 1279 1313
608 7 607 623 843 857 858 1312 1313
609 7 706 736 748 749 757 771 1343
610 9 769 810 817 892 1324 1341 1342 1389 1442
611 5 729 735 1361 1362 1466
612 7 613 628 629 754 1295 1296 1297
613 7 600 612 750 754 1296 1297 1307
614 3 695 818 1397
615 10 688 689 758 787 835 1273 1301 1394 1449 1468
616 4 786 834 871 1275
617 8 712 729 889 1286 1360 1362 1382 1393
618 4 734 809 869 1385
619 6 710 722 723 1318 1321 1332
620 6 763 1298 1312 1313 1339 1403
621 5 622 1430 1431 1445 1450
622 5 621 1318 1410 1430 1450
623 6 608 624 857 1312 1313 1339
624 4 623 625 857 1339
625 6 624 842 857 1339 1380 1451
626 8 645 647 745 764 765 766 767 793
627 9 725 1287 1288 1289 1298 1404 1405 1419 1420
628 6 612 629 685 832 1294 1295
629 6 612 628 684 754 832 850
630 6 672 673 780 797 802 803
631 8 632 781 782 800 805 825 826 1041
632 5 631 633 658 825 826
633 5 632 652 657 658 825
634 6 534 637 681 696 816 1228
635 9 683 691 716 728 789 819 890 1273 1397
636 3 748 770 829
637 5 634 816 1081 1226 1228
638 5 760 1319 1370 1410 1428
639 8 640 641 806 861 875 1366 1374 1375
640 7 639 641 643 1357 1358 1365 1366
641 8 639 640 643 806 866 867 868 886
642 6 741 743 744 851 852 868
643 6 640 641 886 894 895 1357
644 5 593 665 666 668 854
645 8 626 646 647 765 785 796 842 1451
646 4 645 647 778 785
647 6 626 645 646 648 745 778
648 5 647 649 745 778 1303
649 5 648 745 784 853 1303
650 6 651 1284 1323 1384 1391 1409
651 6 650 693 808 1323 1409 1465
652 8 591 593 633 653 656 657 669 825
653 6 591 652 654 655 656 1457
654 5 653 655 1347 1348 1457
655 5 653 654 656 1347 1348
656 7 652 653 655 657 1348 1424 1425
657 5 633 652 656 658 1424
658 7 632 633 657 826 836 876 1424
659 6 768 878 1292 1347 1427 1440
660 5 589 764 878 1292 1457
661 5 662 678 727 811 1396
662 5 661 678 790 1447 1458
663 8 703 704 869 874 891 1291 1407 1408
664 6 729 738 1277 1310 1387 1401
665 4 593 644 668 669
666 5 644 667 668 670 671
667 5 666 668 670 797 798
668 8 644 665 666 667 669 781 798 825
669 6 593 652 665 668 781 825
670 4 666 667 671 797
671 4 666 670 672 797
672 4 630 671 673 797
673 4 630 672 780 797
674 2 687 823
675 9 693 704 746 759 1323 1343 1352 1353 1388
676 6 429 682 714 770 771 820
677 2 714 820
678 6 661 662 727 787 790 1301
679 8 597 599 751 752 1293 1415 1416 1435
680 1 697
681 6 634 696 697 698 816 1400
682 4 676 714 770 788
683 8 635 716 786 789 811 1275 1322 1396
684 6 629 754 756 815 830 850
685 5 628 686 730 832 1294
686 5 685 730 772 791 1294
687 3 674 822 823
688 7 602 615 689 758 828 872 1273
689 3 602 615 688
690 7 707 721 786 834 871 873 1322
691 9 635 728 819 835 856 890 1394 1468 1469
692 5 522 705 721 873 1276
693 6 651 675 704 808 1323 1465
694 3 601 1274 1310
695 7 614 716 818 856 1395 1397 1471
696 7 534 634 681 697 726 873 1400
697 9 603 680 681 696 698 715 891 1290 1400
698 5 603 681 697 816 1463
699 6 28 29 700 701 795 888
700 6 699 701 702 776 777 795
701 5 29 131 699 700 702
702 7 82 131 544 700 701 775 776
703 4 663 1291 1407 1408
704 10 663 675 693 757 808 833 870 891 1352 1408
705 3 522 692 1276
706 3 609 771 1329
707 5 690 721 811 834 1275
708 3 1330 1342 1441
709 5 490 512 604 740 1097
710 6 619 1318 1319 1321 1370 1410
711 6 737 1283 1285 1286 1355 1382
712 7 617 889 1359 1362 1384 1393 1472
713 7 601 720 828 1273 1277 1381 1401
714 5 676 677 682 788 820
715 4 697 833 891 1290
716 7 635 683 695 818 1396 1397 1471
717 6 718 719 773 792 1331 1450
718 6 717 719 872 1331 1402 1436
719 4 717 718 773 1436
720 8 713 769 810 817 828 892 1381 1466
721 6 522 552 690 692 707 873
722 7 619 723 732 1318 1331 1441 1450
723 6 619 722 732 788 1318 1332
724 6 725 730 731 772 1333 1419
725 5 627 724 1287 1333 1419
726 5 696 873 1322 1400 1467
727 7 661 678 787 855 856 1396 1469
728 4 635 691 835 1273
729 9 611 617 664 738 1360 1361 1362 1387 1470
730 7 685 686 724 731 772 815 832
731 7 724 730 772 815 831 1406 1419
732 6 722 723 770 788 1330 1441
733 6 773 774 792 1300 1444 1450
734 7 603 618 809 869 891 1385 1463
735 3 611 1361 1466
736 4 609 748 749 1343
737 7 711 747 1283 1285 1355 1398 1399
738 4 664 729 1361 1401
739 7 604 742 743 851 1097 1345 1346
740 6 490 512 604 709 851 852
741 8 588 642 742 743 744 885 1314 1335
742 8 739 741 743 840 1280 1314 1340 1346
743 5 642 739 741 742 851
744 6 642 741 852 868 1334 1335
745 8 589 592 626 647 648 649 764 853
746 7 675 759 1323 1341 1353 1388 1442
747 8 737 833 1274 1283 1290 1387 1398 1470
748 8 609 636 736 749 770 771 829 1343
749 3 609 736 748
750 7 600 613 751 752 753 754 1293
751 4 679 750 752 1293
752 7 679 750 751 753 1414 1415 1416
753 5 750 752 754 755 1414
754 8 612 613 629 684 750 753 755 756
755 4 753 754 756 1414
756 6 684 754 755 830 1414 1433
757 5 609 704 1343 1352 1408
758 7 615 688 872 1437 1438 1439 1449
759 2 675 746
760 5 638 761 762 1319 1428
761 7 760 762 1369 1428 1429 1431 1432
762 5 760 761 1319 1368 1369
763 9 620 1298 1299 1300 1311 1312 1313 1363 1443
764 7 589 592 626 660 745 793 878
765 6 626 645 767 1379 1380 1451
766 3 626 767 793
767 7 626 765 766 768 793 1379 1452
768 7 659 767 793 878 1427 1440 1452
769 4 610 720 810 817
770 10 636 676 682 732 748 771 788 829 1330 1354
771 9 39 429 609 676 706 748 770 1329 1464
772 9 686 724 730 731 790 791 1333 1446 1449
773 6 717 719 733 774 792 1436
774 7 733 773 1299 1300 1436 1438 1439
775 5 228 544 702 776 1411
776 5 700 702 775 777 1411
777 6 700 776 795 1411 1412 1413
778 7 646 647 648 783 785 1278 1303
779 6 780 782 803 804 805 1102
780 4 630 673 779 803
781 6 631 668 669 798 800 825
782 7 631 779 805 1041 1098 1099 1102
783 5 778 784 1278 1303 1461
784 5 649 783 853 854 1303
785 6 645 646 778 796 858 1278
786 6 616 683 690 871 1275 1322
787 6 615 678 727 1301 1468 1469
788 9 120 682 714 723 732 770 820 1320 1332
789 6 601 635 683 1273 1322 1467
790 7 662 678 772 791 1301 1446 1458
791 7 686 772 790 1294 1326 1448 1458
792 5 717 733 773 1331 1450
793 6 626 764 766 767 768 878
794 9 595 596 605 795 858 888 1278 1279 1459
795 7 699 700 777 794 888 1413 1459
796 7 645 785 842 843 857 858 1278
797 9 630 667 670 671 672 673 798 799 802
798 6 667 668 781 797 799 800
799 6 797 798 800 801 802 803
800 6 631 781 798 799 801 805
801 6 799 800 802 803 804 805
802 5 630 797 799 801 803
803 7 630 779 780 799 801 802 804
804 4 779 801 803 805
805 6 631 779 782 800 801 804
806 5 639 641 861 868 1334
807 6 586 821 861 884 1379 1452
808 5 651 693 704 833 1409
809 3 618 734 1385
810 4 610 720 769 892
811 5 661 683 707 1275 1396
812 6 813 1336 1337 1373 1374 1406
813 6 812 814 830 831 1373 1406
814 7 813 830 1350 1351 1366 1373 1434
815 7 684 730 731 830 831 832 850
816 6 634 637 681 698 1226 1463
817 8 610 720 769 827 828 872 1342 1402
818 4 614 695 716 1397
819 5 635 691 856 890 1397
820 6 120 429 676 677 714 788
821 6 807 859 861 1336 1377 1379
822 3 687 823 824
823 4 674 687 822 824
824 2 822 823
825 7 631 632 633 652 668 669 781
826 5 631 632 658 836 1041
827 2 817 1402
828 6 688 713 720 817 872 1273
829 6 636 748 770 1343 1353 1354
830 8 684 756 813 814 815 831 1433 1434
831 5 731 813 815 830 1406
832 6 628 629 685 730 815 850
833 9 704 715 747 808 891 1284 1290 1398 1409
834 5 616 690 707 871 1275
835 5 615 691 728 1273 1394
836 4 658 826 876 1041
837 5 504 838 839 880 1315
838 8 504 505 506 837 839 1304 1305 1454
839 6 837 838 1305 1315 1327 1454
840 6 742 841 1314 1340 1349 1371
841 4 840 1349 1371 1372
842 5 625 645 796 857 1451
843 4 608 796 857 858
844 6 845 1020 1108 1109 1110 1199
845 7 844 847 848 849 863 1109 1110
846 9 847 848 1126 1137 1138 1139 1140 1141 1195
847 6 845 846 848 1110 1126 1195
848 7 845 846 847 849 863 1110 1141
849 7 845 848 862 863 999 1000 1141
850 4 629 684 815 832
851 6 604 642 739 740 743 852
852 10 512 642 740 744 851 866 867 868 886 887
853 6 592 594 649 745 784 854
854 6 592 593 594 644 784 853
855 5 727 856 1395 1396 1471
856 8 691 695 727 819 855 1395 1397 1469
857 7 608 623 624 625 796 842 843
858 9 605 606 607 608 785 794 796 843 1278
859 5 821 861 875 1336 1375
860 4 883 884 1334 1335
861 8 639 806 807 821 859 875 884 1334
862 7 849 863 864 999 1082 1107 1246
863 6 845 848 849 862 1107 1109
864 9 862 1001 1002 1003 1026 1082 1107 1201 1260
865 8 150 171 576 899 900 1007 1174 1248
866 5 641 852 867 886 887
867 4 641 852 866 868
868 7 641 642 744 806 852 867 1334
869 7 618 663 734 891 1385 1462 1463
870 1 704
871 4 616 690 786 834
872 8 688 718 758 817 828 1402 1436 1437
873 9 527 534 690 692 696 721 726 1276 1322
874 3 663 1407 1408
875 4 639 859 861 1375
876 7 658 836 877 879 1041 1423 1424
877 3 876 879 1041
878 6 659 660 764 768 793 1292
879 6 876 877 1306 1314 1422 1423
880 6 504 837 1121 1315 1316 1344
881 5 882 898 1083 1175 1261
882 4 881 918 1083 1175
883 5 586 587 860 884 1335
884 6 586 807 860 861 883 1334
885 7 586 587 588 741 1314 1440 1452
886 6 641 643 852 866 887 894
887 7 471 487 512 852 866 886 894
888 7 28 29 595 699 794 795 1313
889 7 617 712 1382 1383 1384 1391 1392
890 3 635 691 819
891 8 603 663 697 704 715 734 833 869
892 5 610 720 810 1324 1466
893 5 895 976 1009 1270 1271
894 7 471 473 643 886 887 895 1270
895 6 643 893 894 1009 1270 1357
896 3 913 1187 1188
897 3 502 910 1203
898 10 881 978 1126 1131 1133 1134 1136 1137 1175 1261
899 7 865 900 919 1019 1047 1151 1174
900 7 865 899 901 917 920 1047 1248
901 4 900 917 919 920
902 4 524 578 1146 1264
903 1 536
904 5 473 474 922 975 1079
905 6 450 452 474 495 906 1079
906 5 452 496 905 924 1079
907 3 908 909 1034
908 3 907 909 1031
909 6 907 908 1031 1032 1033 1034
910 5 502 897 914 1191 1203
911 9 503 504 505 506 912 933 1189 1190 1191
912 6 506 513 911 929 1017 1190
913 2 896 1187
914 4 910 925 1015 1191
915 4 916 936 937 1221
916 6 915 936 1091 1099 1101 1221
917 4 900 901 919 1047
918 5 882 1083 1132 1151 1175
919 8 899 901 917 920 1047 1083 1151 1174
920 7 900 901 919 1083 1156 1248 1261
921 4 948 953 1025 1153
922 6 473 904 975 976 977 1072
923 7 924 1030 1054 1076 1077 1078 1079
924 6 496 906 923 1008 1030 1079
925 6 914 1015 1212 1213 1214 1215
926 8 479 480 481 482 570 927 1086 1208
927 4 570 926 1086 1207
928 4 568 569 1088 1206
929 4 513 912 1017 1190
930 8 461 462 464 465 939 940 1105 1205
931 2 958 1205
932 3 467 1044 1069
933 5 503 911 1189 1191 1203
934 2 503 1189
935 6 506 513 1190 1304 1453 1455
936 5 915 916 937 1099 1221
937 4 915 936 1099 1221
938 4 956 1101 1102 1103
939 6 462 930 940 1064 1065 1068
940 8 459 460 930 939 1064 1065 1105 1205
941 5 459 958 962 963 1104
942 6 466 468 478 1042 1043 1106
943 5 251 252 467 468 1042
944 5 508 1222 1239 1240 1241
945 6 451 486 1035 1056 1167 1267
946 4 455 470 947 1150
947 5 455 470 946 973 1222
948 6 921 949 951 952 953 1025
949 6 948 950 951 981 1025 1178
950 5 949 951 979 980 1178
951 7 948 949 950 952 953 979 980
952 5 948 951 953 979 1152
953 10 921 948 951 952 978 1132 1152 1153 1155 1175
954 10 1039 1063 1092 1093 1113 1172 1173 1186 1193 1194
955 0
956 12 461 464 465 469 478 500 938 1071 1102 1103 1106 1461
957 7 461 462 1068 1090 1091 1101 1103
958 16 229 230 231 232 260 459 463 545 566 931 941 961 1059 1089 1104 1205
959 5 532 571 572 573 984
960 6 545 546 565 961 1235 1236
961 5 545 958 960 1104 1235
962 4 941 963 1104 1235
963 6 459 941 962 964 1104 1235
964 9 459 963 965 966 967 969 1064 1233 1235
965 5 964 966 968 969 1064
966 7 964 965 967 968 969 1171 1233
967 5 964 966 1171 1232 1233
968 6 965 966 969 1067 1112 1171
969 7 964 965 966 968 1064 1066 1067
970 2 994 1033
971 2 1036 1252
972 1 1123
973 5 455 947 974 1222 1239
974 6 454 455 581 583 973 1239
975 5 904 922 1054 1072 1079
976 6 473 893 922 977 1270 1271
977 4 922 976 1072 1271
978 6 898 953 1133 1152 1175 1227
979 8 950 951 952 980 1050 1051 1152 1227
980 8 950 951 979 1046 1048 1049 1050 1178
981 5 949 982 1024 1025 1178
982 6 981 983 1024 1178 1247 1260
983 6 982 1177 1178 1179 1247 1260
984 9 479 530 532 571 572 959 985 986 1086
985 6 479 530 984 986 989 1209
986 7 530 984 985 987 988 989 1209
987 4 530 986 988 1062
988 7 986 987 989 990 991 992 1062
989 7 985 986 988 990 991 1144 1209
990 8 988 989 991 992 1114 1115 1143 1144
991 4 988 989 990 992
992 6 988 990 991 1062 1113 1114
993 2 1202 1230
994 3 970 1033 1034
995 1 1255
996 5 477 997 998 1012 1123
997 3 996 998 1123
998 3 996 997 1012
999 8 849 862 1000 1049 1180 1244 1245 1246
1000 5 849 999 1049 1140 1141
1001 4 864 1082 1246 1260
1002 6 864 1080 1081 1201 1224 1260
1003 6 864 1026 1107 1147 1202 1230
1004 3 1005 1006 1249
1005 7 575 1004 1006 1156 1157 1248 1249
1006 6 1004 1005 1146 1156 1157 1249
1007 9 70 73 150 523 554 574 576 578 865
1008 5 496 924 1030 1052 1076
1009 4 893 895 1271 1357
1010 4 497 499 1183 1309
1011 7 511 1125 1168 1238 1258 1265 1268
1012 4 485 996 998 1013
1013 3 485 1012 1182
1014 3 1015 1217 1218
1015 5 914 925 1014 1213 1218
1016 3 513 514 1017
1017 5 513 514 912 929 1016
1018 7 1039 1094 1172 1186 1192 1193 1194
1019 1 899
1020 6 844 1021 1108 1159 1160 1199
1021 5 1020 1108 1159 1160 1229
1022 4 1023 1024 1224 1247
1023 3 1022 1024 1153
1024 7 981 982 1022 1023 1025 1153 1247
1025 6 921 948 949 981 1024 1153
1026 5 864 1003 1147 1148 1201
1027 1 1147
1028 3 1029 1147 1148
1029 6 1028 1145 1146 1147 1148 1161
1030 5 923 924 1008 1076 1077
1031 3 908 909 1032
1032 3 909 1031 1033
1033 5 909 970 994 1032 1034
1034 4 907 909 994 1033
1035 4 451 945 1167 1269
1036 5 511 971 1238 1252 1267
1037 4 516 519 1087 1088
1038 6 156 180 541 542 1058 1088
1039 4 954 1018 1186 1192
1040 4 1098 1204 1219 1220
1041 10 631 782 826 836 876 877 1098 1204 1219 1455
1042 6 467 468 942 943 1043 1069
1043 6 942 1042 1045 1069 1070 1106
1044 9 229 257 467 483 932 1045 1069 1411 1412
1045 6 483 1043 1044 1069 1070 1071
1046 6 980 1048 1049 1177 1178 1180
1047 4 899 900 917 919
1048 4 980 1046 1049 1180
1049 8 980 999 1000 1046 1048 1050 1140 1180
1050 7 979 980 1049 1051 1135 1140 1227
1051 6 979 1050 1134 1135 1140 1227
1052 7 496 497 1008 1053 1074 1075 1076
1053 5 497 507 1052 1073 1074
1054 8 923 975 1072 1074 1075 1077 1078 1079
1055 2 1056 1267
1056 6 945 1055 1167 1265 1267 1268
1057 5 495 1084 1167 1181 1269
1058 5 156 180 519 1038 1088
1059 4 481 566 958 1089
1060 3 528 529 1061
1061 3 529 1060 1062
1062 7 529 530 987 988 992 1061 1113
1063 4 954 1092 1113 1119
1064 9 459 939 940 964 965 969 1065 1066 1067
1065 5 939 940 1064 1066 1068
1066 5 969 1064 1065 1067 1068
1067 7 968 969 1064 1066 1068 1100 1112
1068 8 462 939 957 1065 1066 1067 1090 1100
1069 6 467 932 1042 1043 1044 1045
1070 5 483 1043 1045 1071 1106
1071 6 483 500 956 1045 1070 1106
1072 8 507 922 975 977 1054 1073 1074 1271
1073 5 507 1053 1072 1074 1271
1074 6 1052 1053 1054 1072 1073 1075
1075 5 1052 1054 1074 1076 1077
1076 6 923 1008 1030 1052 1075 1077
1077 6 923 1030 1054 1075 1076 1078
1078 4 923 1054 1077 1079
1079 9 474 904 905 906 923 924 975 1054 1078
1080 4 534 1002 1081 1201
1081 8 534 637 1002 1080 1223 1224 1226 1228
1082 4 862 864 1001 1246
1083 7 881 882 918 919 920 1151 1261
1084 7 495 1057 1085 1162 1181 1184 1266
1085 5 495 1084 1162 1163 1166
1086 8 479 515 572 584 926 927 984 1207
1087 5 515 516 1037 1088 1206
1088 9 519 542 569 928 1037 1038 1058 1087 1206
1089 8 228 229 230 481 567 958 1059 1208
1090 4 957 1068 1091 1100
1091 5 916 957 1090 1100 1101
1092 10 954 1063 1093 1094 1095 1100 1112 1119 1171 1192
1093 4 954 1092 1094 1193
1094 6 1018 1092 1093 1095 1192 1193
1095 3 1092 1094 1192
1096 4 510 539 1237 1242
1097 8 490 491 604 709 739 1121 1344 1345
1098 4 782 1040 1041 1219
1099 7 782 916 936 937 1101 1102 1221
1100 6 1067 1068 1090 1091 1092 1112
1101 7 916 938 957 1091 1099 1102 1103
1102 6 779 782 938 956 1099 1101
1103 5 461 938 956 957 1101
1104 6 941 958 961 962 963 1235
1105 5 459 460 930 940 1205
1106 6 478 942 956 1043 1070 1071
1107 8 862 863 864 1003 1108 1109 1229 1230
1108 7 844 1020 1021 1107 1109 1229 1230
1109 5 844 845 863 1107 1108
1110 6 844 845 847 848 1195 1199
1111 5 479 480 565 566 1236
1112 5 968 1067 1092 1100 1171
1113 9 954 992 1062 1063 1114 1117 1118 1119 1173
1114 7 990 992 1113 1115 1117 1118 1143
1115 6 990 1114 1116 1117 1142 1143
1116 6 1115 1117 1119 1120 1142 1171
1117 6 1113 1114 1115 1116 1118 1119
1118 4 1113 1114 1117 1119
1119 8 1063 1092 1113 1116 1117 1118 1120 1171
1120 5 1116 1119 1142 1171 1232
1121 6 491 504 880 1097 1122 1344
1122 5 491 492 504 564 1121
1123 3 972 996 997
1124 5 1163 1164 1165 1166 1182
1125 7 488 1011 1149 1150 1254 1258 1268
1126 8 846 847 898 1131 1136 1137 1176 1195
1127 3 1128 1129 1130
1128 3 1127 1129 1130
1129 3 1127 1128 1130
1130 3 1127 1128 1129
1131 4 898 1126 1176 1261
1132 4 918 953 1155 1175
1133 4 898 978 1134 1227
1134 6 898 1051 1133 1135 1136 1227
1135 6 1050 1051 1134 1136 1139 1140
1136 7 898 1126 1134 1135 1137 1138 1139
1137 5 846 898 1126 1136 1138
1138 4 846 1136 1137 1139
1139 5 846 1135 1136 1138 1140
1140 8 846 1000 1049 1050 1051 1135 1139 1141
1141 5 846 848 849 1000 1140
1142 6 1115 1116 1120 1143 1211 1232
1143 7 990 1114 1115 1142 1144 1211 1232
1144 6 989 990 1143 1209 1210 1211
1145 3 1029 1146 1161
1146 12 524 533 902 1006 1029 1145 1147 1157 1161 1202 1249 1264
1147 8 1003 1026 1027 1028 1029 1146 1148 1202
1148 8 527 1026 1028 1029 1147 1161 1200 1201
1149 5 455 456 1125 1150 1254
1150 9 455 456 470 488 946 1125 1149 1257 1258
1151 5 899 918 919 1083 1174
1152 5 952 953 978 979 1227
1153 7 921 953 1023 1024 1025 1154 1155
1154 2 1153 1155
1155 4 953 1132 1153 1154
1156 10 920 1005 1006 1157 1195 1196 1198 1199 1248 1261
1157 10 1005 1006 1146 1156 1158 1159 1196 1197 1202 1229
1158 4 1157 1159 1160 1197
1159 7 1020 1021 1157 1158 1160 1197 1229
1160 8 1020 1021 1158 1159 1196 1197 1198 1199
1161 6 524 527 1029 1145 1146 1148
1162 4 1084 1085 1163 1266
1163 6 1085 1124 1162 1164 1166 1266
1164 5 1124 1163 1165 1184 1266
1165 5 1124 1164 1181 1182 1184
1166 5 450 495 1085 1124 1163
1167 10 472 487 495 945 1035 1056 1057 1268 1269 1272
1168 4 511 1011 1169 1258
1169 4 1168 1170 1243 1258
1170 2 1169 1243
1171 9 966 967 968 1092 1112 1116 1119 1120 1232
1172 4 954 1018 1193 1194
1173 2 954 1113
1174 4 865 899 919 1151
1175 7 881 882 898 918 953 978 1132
1176 4 1126 1131 1195 1261
1177 5 983 1046 1178 1179 1180
1178 8 949 950 980 981 982 983 1046 1177
1179 5 983 1177 1180 1244 1260
1180 7 999 1046 1048 1049 1177 1179 1244
1181 6 1057 1084 1165 1182 1184 1269
1182 6 485 1013 1124 1165 1181 1269
1183 4 497 499 507 1010
1184 5 1084 1164 1165 1181 1266
1185 1 501
1186 4 954 1018 1039 1194
1187 4 501 896 913 1188
1188 4 501 502 896 1187
1189 5 503 911 933 934 1203
1190 6 506 513 911 912 929 935
1191 5 910 911 914 933 1203
1192 5 1018 1039 1092 1094 1095
1193 5 954 1018 1093 1094 1172
1194 4 954 1018 1172 1186
1195 8 846 847 1110 1126 1156 1176 1199 1261
1196 5 1156 1157 1160 1197 1198
1197 5 1157 1158 1159 1160 1196
1198 4 1156 1160 1196 1199
1199 7 844 1020 1110 1156 1160 1195 1198
1200 3 527 1148 1201
1201 8 527 534 864 1002 1026 1080 1148 1200
1202 7 993 1003 1146 1147 1157 1229 1230
1203 6 502 897 910 933 1189 1191
1204 4 1040 1041 1219 1220
1205 8 459 463 465 930 931 940 958 1105
1206 7 515 568 570 928 1087 1088 1207
1207 5 515 570 927 1086 1206
1208 5 481 482 567 926 1089
1209 6 479 985 986 989 1144 1210
1210 5 479 1144 1209 1211 1231
1211 6 1142 1143 1144 1210 1231 1232
1212 4 925 1215 1216 1217
1213 4 925 1015 1214 1218
1214 6 925 1213 1215 1216 1217 1218
1215 4 925 1212 1214 1216
1216 4 1212 1214 1215 1217
1217 5 1014 1212 1214 1216 1218
1218 5 1014 1015 1213 1214 1217
1219 5 1040 1041 1098 1204 1220
1220 3 1040 1204 1219
1221 5 915 916 936 937 1099
1222 6 470 944 947 973 1239 1240
1223 4 1081 1224 1225 1226
1224 6 1002 1022 1081 1223 1247 1260
1225 3 1223 1226 1462
1226 7 637 816 1081 1223 1225 1462 1463
1227 7 978 979 1050 1051 1133 1134 1152
1228 4 534 634 637 1081
1229 7 1021 1107 1108 1157 1159 1202 1230
1230 6 993 1003 1107 1108 1202 1229
1231 7 479 1210 1211 1232 1233 1234 1236
1232 8 967 1120 1142 1143 1171 1211 1231 1233
1233 7 964 966 967 1231 1232 1234 1235
1234 4 1231 1233 1235 1236
1235 9 960 961 962 963 964 1104 1233 1234 1236
1236 7 479 565 960 1111 1231 1234 1235
1237 4 539 1096 1242 1256
1238 5 511 1011 1036 1265 1267
1239 8 508 583 944 973 974 1222 1242 1256
1240 5 470 944 1222 1241 1259
1241 3 944 1240 1259
1242 6 508 510 1096 1237 1239 1256
1243 5 488 1169 1170 1257 1258
1244 5 999 1179 1180 1245 1260
1245 4 999 1244 1246 1260
1246 6 862 999 1001 1082 1245 1260
1247 6 982 983 1022 1024 1224 1260
1248 7 575 576 865 900 920 1005 1156
1249 10 533 575 577 1004 1005 1006 1146 1251 1262 1263
1250 3 533 577 1251
1251 6 533 577 1249 1250 1263 1264
1252 3 511 971 1036
1253 4 456 458 487 1254
1254 7 456 458 487 1125 1149 1253 1268
1255 2 509 995
1256 7 539 540 556 583 1237 1239 1242
1257 3 488 1150 1243
1258 7 488 1011 1125 1150 1168 1169 1243
1259 2 1240 1241
1260 11 864 982 983 1001 1002 1179 1224 1244 1245 1246 1247
1261 8 881 898 920 1083 1131 1156 1176 1195
1262 5 575 578 1249 1263 1264
1263 4 1249 1251 1262 1264
1264 7 533 578 902 1146 1251 1262 1263
1265 5 1011 1056 1238 1267 1268
1266 5 1084 1162 1163 1164 1184
1267 6 945 1036 1055 1056 1238 1265
1268 7 487 1011 1056 1125 1167 1254 1265
1269 8 451 485 486 1035 1057 1167 1181 1182
1270 6 471 473 893 894 895 976
1271 12 499 507 893 976 977 1009 1072 1073 1308 1350 1351 1357
1272 4 471 472 487 1167
1273 9 601 615 635 688 713 728 789 828 835
1274 7 601 694 747 1290 1310 1387 1467
1275 6 616 683 707 786 811 834
1276 5 522 527 692 705 873
1277 5 601 664 713 1310 1401
1278 9 778 783 785 794 796 858 1459 1460 1461
1279 6 595 596 605 606 607 794
1280 5 742 1340 1344 1345 1346
1281 5 597 1282 1308 1350 1435
1282 4 1281 1350 1434 1435
1283 7 711 737 747 1285 1286 1360 1470
1284 8 650 833 1384 1391 1392 1398 1399 1409
1285 4 711 737 1283 1355
1286 5 617 711 1283 1360 1382
1287 4 627 725 1333 1420
1288 4 627 1289 1420 1439
1289 6 627 1288 1298 1302 1404 1439
1290 7 697 715 747 833 1274 1400 1467
1291 3 663 703 1407
1292 5 659 660 878 1347 1457
1293 5 599 600 679 750 751
1294 6 628 685 686 791 1295 1326
1295 4 612 628 1294 1296
1296 4 612 613 1295 1297
1297 4 612 613 1296 1307
1298 10 620 627 763 1289 1299 1302 1339 1403 1404 1439
1299 5 763 774 1298 1300 1439
1300 6 733 763 774 1299 1443 1444
1301 6 615 678 787 790 1446 1449
1302 3 1289 1298 1439
1303 5 648 649 778 783 784
1304 5 506 838 935 1453 1454
1305 7 838 839 1327 1328 1454 1455 1456
1306 5 879 1328 1372 1422 1455
1307 6 597 598 600 613 1297 1308
1308 8 499 597 598 1271 1281 1307 1309 1350
1309 3 499 1010 1308
1310 6 601 664 694 1274 1277 1387
1311 5 763 1363 1369 1432 1443
1312 6 608 620 623 763 1313 1339
1313 11 9 28 595 607 608 620 623 763 888 1312 1363
1314 12 741 742 840 879 885 1349 1421 1422 1423 1425 1426 1440
1315 5 837 839 880 1316 1327
1316 6 880 1315 1317 1327 1340 1344
1317 5 1316 1327 1340 1344 1371
1318 8 619 622 710 722 723 1370 1410 1450
1319 12 116 119 155 638 710 760 762 1320 1321 1367 1368 1370
1320 6 116 120 788 1319 1321 1332
1321 5 619 710 1319 1320 1332
1322 7 683 690 726 786 789 873 1467
1323 10 650 651 675 693 746 1325 1384 1386 1388 1465
1324 7 610 892 1362 1376 1389 1393 1466
1325 5 1323 1359 1386 1388 1472
1326 4 791 1294 1447 1448
1327 7 839 1305 1315 1316 1317 1328 1371
1328 8 1305 1306 1327 1371 1372 1422 1455 1456
1329 3 706 771 1464
1330 6 708 732 770 1342 1354 1441
1331 7 717 718 722 792 1402 1441 1450
1332 5 619 723 788 1320 1321
1333 7 724 725 772 1287 1420 1439 1449
1334 7 744 806 860 861 868 884 1335
1335 7 587 588 741 744 860 883 1334
1336 7 812 821 859 1337 1374 1375 1377
1337 7 812 1336 1338 1377 1378 1405 1406
1338 4 1337 1339 1378 1405
1339 11 620 623 624 625 1298 1312 1338 1378 1380 1403 1405
1340 7 742 840 1280 1316 1317 1344 1371
1341 5 610 746 1388 1389 1442
1342 8 610 708 817 1330 1354 1402 1441 1442
1343 8 609 675 736 748 757 829 1352 1353
1344 8 880 1097 1121 1280 1316 1317 1340 1345
1345 5 739 1097 1280 1344 1346
1346 4 739 742 1280 1345
1347 8 654 655 659 1292 1348 1426 1427 1457
1348 6 654 655 656 1347 1425 1426
1349 6 840 841 1314 1372 1421 1422
1350 7 814 1271 1281 1282 1308 1351 1434
1351 7 814 1271 1350 1356 1357 1365 1366
1352 4 675 704 757 1343
1353 6 675 746 829 1343 1354 1442
1354 6 770 829 1330 1342 1353 1442
1355 6 711 737 1285 1382 1392 1399
1356 4 1351 1357 1358 1365
1357 8 640 643 895 1009 1271 1351 1356 1358
1358 4 640 1356 1357 1365
1359 7 712 1325 1388 1389 1390 1393 1472
1360 6 617 729 1283 1286 1387 1470
1361 7 611 729 735 738 1381 1401 1466
1362 8 611 617 712 729 1324 1376 1393 1466
1363 7 9 443 763 1311 1313 1364 1369
1364 5 8 443 1363 1367 1369
1365 5 640 1351 1356 1358 1366
1366 7 639 640 814 1351 1365 1373 1374
1367 6 8 155 1319 1364 1368 1369
1368 4 762 1319 1367 1369
1369 9 761 762 1311 1363 1364 1367 1368 1431 1432
1370 6 638 710 1318 1319 1410 1428
1371 7 840 841 1317 1327 1328 1340 1372
1372 6 841 1306 1328 1349 1371 1422
1373 5 812 813 814 1366 1374
1374 6 639 812 1336 1366 1373 1375
1375 5 639 859 875 1336 1374
1376 5 1324 1362 1389 1390 1393
1377 6 821 1336 1337 1378 1379 1380
1378 5 1337 1338 1339 1377 1380
1379 7 765 767 807 821 1377 1380 1452
1380 7 625 765 1339 1377 1378 1379 1451
1381 5 713 720 1361 1401 1466
1382 6 617 711 889 1286 1355 1392
1383 3 889 1391 1392
1384 8 650 712 889 1284 1323 1386 1391 1472
1385 4 618 734 809 869
1386 4 1323 1325 1384 1472
1387 7 664 729 747 1274 1310 1360 1470
1388 7 675 746 1323 1325 1341 1359 1389
1389 7 610 1324 1341 1359 1376 1388 1390
1390 4 1359 1376 1389 1393
1391 6 650 889 1284 1383 1384 1392
1392 7 889 1284 1355 1382 1383 1391 1399
1393 7 617 712 1324 1359 1362 1376 1390
1394 4 615 691 835 1468
1395 4 695 855 856 1471
1396 7 661 683 716 727 811 855 1471
1397 7 614 635 695 716 818 819 856
1398 5 737 747 833 1284 1399
1399 5 737 1284 1355 1392 1398
1400 6 681 696 697 726 1290 1467
1401 6 664 713 738 1277 1361 1381
1402 7 718 817 827 872 1331 1342 1441
1403 5 620 1298 1339 1404 1405
1404 5 627 1289 1298 1403 1405
1405 8 627 1337 1338 1339 1403 1404 1406 1419
1406 7 731 812 813 831 1337 1405 1419
1407 5 663 703 874 1291 1408
1408 6 663 703 704 757 874 1407
1409 5 650 651 808 833 1284
1410 8 622 638 710 1318 1370 1428 1429 1430
1411 7 228 229 775 776 777 1044 1412
1412 7 483 500 777 1044 1411 1413 1461
1413 5 777 795 1412 1459 1461
1414 6 752 753 755 756 1415 1433
1415 6 679 752 1414 1416 1417 1433
1416 5 679 752 1415 1417 1435
1417 5 1415 1416 1418 1433 1435
1418 4 1417 1433 1434 1435
1419 6 627 724 725 731 1405 1406
1420 5 627 1287 1288 1333 1439
1421 3 1314 1349 1422
1422 7 879 1306 1314 1328 1349 1372 1421
1423 5 876 879 1314 1424 1425
1424 6 656 657 658 876 1423 1425
1425 7 656 1314 1348 1423 1424 1426 1440
1426 6 1314 1347 1348 1425 1427 1440
1427 5 659 768 1347 1426 1440
1428 6 638 760 761 1370 1410 1429
1429 5 761 1410 1428 1430 1431
1430 6 621 622 1410 1429 1431 1445
1431 9 621 761 1369 1429 1430 1432 1443 1444 1445
1432 5 761 1311 1369 1431 1443
1433 7 756 830 1414 1415 1417 1418 1434
1434 7 814 830 1282 1350 1418 1433 1435
1435 8 597 679 1281 1282 1416 1417 1418 1434
1436 7 718 719 773 774 872 1437 1438
1437 4 758 872 1436 1438
1438 5 758 774 1436 1437 1439
1439 11 758 774 1288 1289 1298 1299 1302 1333 1420 1438 1449
1440 8 659 768 885 1314 1425 1426 1427 1452
1441 7 708 722 732 1330 1331 1342 1402
1442 6 610 746 1341 1342 1353 1354
1443 6 763 1300 1311 1431 1432 1444
1444 6 733 1300 1431 1443 1445 1450
1445 5 621 1430 1431 1444 1450
1446 4 772 790 1301 1449
1447 4 662 1326 1448 1458
1448 4 791 1326 1447 1458
1449 7 615 758 772 1301 1333 1439 1446
1450 10 621 622 717 722 733 792 1318 1331 1444 1445
1451 5 625 645 765 842 1380
1452 7 586 767 768 807 885 1379 1440
1453 5 513 935 1304 1454 1455
1454 6 838 839 1304 1305 1453 1455
1455 9 513 935 1041 1305 1306 1328 1453 1454 1456
1456 3 1305 1328 1455
1457 8 589 590 591 653 654 660 1292 1347
1458 5 662 790 791 1447 1448
1459 6 794 795 1278 1413 1460 1461
1460 3 1278 1459 1461
1461 8 500 783 956 1278 1412 1413 1459 1460
1462 4 869 1225 1226 1463
1463 7 603 698 734 816 869 1226 1462
1464 3 39 771 1329
1465 3 651 693 1323
1466 8 611 720 735 892 1324 1361 1362 1381
1467 7 601 726 789 1274 1290 1322 1400
1468 5 615 691 787 1394 1469
1469 5 691 727 787 856 1468
1470 5 729 747 1283 1360 1387
1471 5 695 716 855 1395 1396
1472 5 712 1325 1359 1384 1386
